
1		-0.00		12.00		23.00		17.00		6.00		-737
13		-0.00		11.00		22.00		16.00		6.00		-737
20		0.00		12.00		23.00		17.00		6.00		-737
32		-0.00		11.00		22.00		16.00		6.00		-737
33		0.00		11.00		22.00		16.00		6.00		-737
53		-0.00		12.00		23.00		17.00		6.00		-737
64		-0.00		12.00		23.00		17.00		6.00		-737
84		-0.00		12.00		23.00		17.00		6.00		-737
92		0.00		12.00		23.00		17.00		6.00		-737
93		-0.00		12.00		23.00		17.00		6.00		-737
95		-0.00		11.00		22.00		16.00		6.00		-737
102		0.00		12.00		23.00		17.00		6.00		-737
103		-0.00		12.00		23.00		17.00		6.00		-737
118		-0.00		11.00		22.00		16.00		6.00		-737
121		0.00		11.00		22.00		16.00		6.00		-737
142		0.00		12.00		23.00		17.00		6.00		-737
149		0.00		11.00		22.00		16.00		6.00		-737
163		0.00		11.00		22.00		16.00		6.00		-737
170		0.00		12.00		23.00		17.00		6.00		-737
186		-0.00		11.00		22.00		16.00		6.00		-737
192		0.00		11.00		22.00		16.00		6.00		-737
195		-0.00		12.00		23.00		17.00		6.00		-737
198		0.00		12.00		23.00		17.00		6.00		-737
202		-0.00		11.00		22.00		16.00		6.00		-737
204		-0.00		11.00		22.00		16.00		6.00		-737
205		0.00		11.00		22.00		16.00		6.00		-737
206		-0.00		11.00		22.00		16.00		6.00		-737
208		-0.00		11.00		22.00		16.00		6.00		-737
217		-0.00		11.00		22.00		16.00		6.00		-737
218		-0.00		11.00		22.00		16.00		6.00		-737
219		0.00		11.00		22.00		16.00		6.00		-737
224		0.00		12.00		23.00		17.00		6.00		-737
237		-0.00		11.00		22.00		16.00		6.00		-737
240		-0.00		12.00		23.00		17.00		6.00		-737
242		0.00		12.00		23.00		17.00		6.00		-737
251		-0.00		12.00		23.00		17.00		6.00		-737
289		0.00		12.00		23.00		17.00		6.00		-737
322		-0.00		11.00		22.00		16.00		6.00		-737
335		0.00		11.00		22.00		16.00		6.00		-737
343		-0.00		11.00		22.00		16.00		6.00		-737
357		0.00		11.00		22.00		16.00		6.00		-737
366		0.00		11.00		22.00		16.00		6.00		-737
372		0.00		11.00		22.00		16.00		6.00		-737
379		0.00		11.00		22.00		16.00		6.00		-737
389		0.00		11.00		22.00		16.00		6.00		-737
392		0.00		12.00		23.00		17.00		6.00		-737
397		-0.00		11.00		22.00		16.00		6.00		-737
398		-0.00		11.00		22.00		16.00		6.00		-737
404		0.00		11.00		22.00		16.00		6.00		-737
413		0.00		11.00		22.00		16.00		6.00		-737
415		-0.00		11.00		22.00		16.00		6.00		-737
419		-0.00		11.00		22.00		16.00		6.00		-737
435		-0.00		11.00		22.00		16.00		6.00		-737
450		0.00		12.00		23.00		17.00		6.00		-737
452		0.00		11.00		22.00		16.00		6.00		-737
455		0.00		12.00		23.00		17.00		6.00		-737
458		-0.00		12.00		23.00		17.00		6.00		-737
462		-0.00		11.00		22.00		16.00		6.00		-737
470		-0.00		11.00		22.00		16.00		6.00		-737
473		0.00		12.00		23.00		17.00		6.00		-737
480		-0.00		12.00		23.00		17.00		6.00		-737
497		-0.00		12.00		23.00		17.00		6.00		-737
504		-0.00		11.00		22.00		16.00		6.00		-737
512		0.00		11.00		22.00		16.00		6.00		-737
513		0.00		11.00		22.00		16.00		6.00		-737
520		-0.00		12.00		23.00		17.00		6.00		-737
524		-0.00		12.00		23.00		17.00		6.00		-737
527		-0.00		11.00		22.00		16.00		6.00		-737
535		-0.00		12.00		23.00		17.00		6.00		-737
537		-0.00		12.00		23.00		17.00		6.00		-737
539		-0.00		12.00		23.00		17.00		6.00		-737
546		-0.00		12.00		23.00		17.00		6.00		-737
552		-0.00		11.00		22.00		16.00		6.00		-737
564		0.00		11.00		22.00		16.00		6.00		-737
566		-0.00		11.00		22.00		16.00		6.00		-737
572		-0.00		11.00		22.00		16.00		6.00		-737
591		0.00		11.00		22.00		16.00		6.00		-737
598		-0.00		11.00		22.00		16.00		6.00		-737
614		0.00		12.00		23.00		17.00		6.00		-737
616		-0.00		11.00		22.00		16.00		6.00		-737
621		0.00		12.00		23.00		17.00		6.00		-737
624		-0.00		12.00		23.00		17.00		6.00		-737
629		-0.00		11.00		22.00		16.00		6.00		-737
639		0.00		11.00		22.00		16.00		6.00		-737
645		-0.00		12.00		23.00		17.00		6.00		-737
648		-0.00		12.00		23.00		17.00		6.00		-737
654		-0.00		11.00		22.00		16.00		6.00		-737
671		-0.00		12.00		23.00		17.00		6.00		-737
687		0.00		11.00		22.00		16.00		6.00		-737
694		0.00		12.00		23.00		17.00		6.00		-737
696		-0.00		11.00		22.00		16.00		6.00		-737
701		0.00		11.00		22.00		16.00		6.00		-737
704		0.00		11.00		22.00		16.00		6.00		-737
717		0.00		11.00		22.00		16.00		6.00		-737
718		-0.00		11.00		22.00		16.00		6.00		-737
721		0.00		11.00		22.00		16.00		6.00		-737
729		-0.00		12.00		23.00		17.00		6.00		-737
733		0.00		11.00		22.00		16.00		6.00		-737
738		0.00		11.00		22.00		16.00		6.00		-737
743		0.00		11.00		22.00		16.00		6.00		-737
757		-0.00		11.00		22.00		16.00		6.00		-737
763		-0.00		12.00		23.00		17.00		6.00		-737
767		-0.00		11.00		22.00		16.00		6.00		-737
769		-0.00		12.00		23.00		17.00		6.00		-737
794		0.00		11.00		22.00		16.00		6.00		-737
799		-0.00		11.00		22.00		16.00		6.00		-737
803		0.00		11.00		22.00		16.00		6.00		-737
816		0.00		11.00		22.00		16.00		6.00		-737
820		-0.00		11.00		22.00		16.00		6.00		-737
822		-0.00		12.00		23.00		17.00		6.00		-737
829		-0.00		12.00		23.00		17.00		6.00		-737
830		-0.00		11.00		22.00		16.00		6.00		-737
841		-0.00		12.00		23.00		17.00		6.00		-737
847		0.00		12.00		23.00		17.00		6.00		-737
849		0.00		12.00		23.00		17.00		6.00		-737
850		-0.00		12.00		23.00		17.00		6.00		-737
851		0.00		12.00		23.00		17.00		6.00		-737
854		0.00		11.00		22.00		16.00		6.00		-737
876		-0.00		11.00		22.00		16.00		6.00		-737
880		-0.00		12.00		23.00		17.00		6.00		-737
893		-0.00		12.00		23.00		17.00		6.00		-737
894		-0.00		12.00		23.00		17.00		6.00		-737
896		-0.00		12.00		23.00		17.00		6.00		-737
898		-0.00		12.00		23.00		17.00		6.00		-737
902		0.00		12.00		23.00		17.00		6.00		-737
903		-0.00		11.00		22.00		16.00		6.00		-737
904		0.00		11.00		22.00		16.00		6.00		-737
912		-0.00		11.00		22.00		16.00		6.00		-737
922		-0.00		11.00		22.00		16.00		6.00		-737
936		-0.00		12.00		23.00		17.00		6.00		-737
940		-0.00		12.00		23.00		17.00		6.00		-737
945		0.00		11.00		22.00		16.00		6.00		-737
948		0.00		11.00		22.00		16.00		6.00		-737
959		0.00		11.00		22.00		16.00		6.00		-737
964		0.00		11.00		22.00		16.00		6.00		-737
994		-0.00		12.00		23.00		17.00		6.00		-737
