x1, 		 x2, 		 maxFit

0.00004,	 -0.99990,	 0.33333
0.00031,	 -0.99992,	 0.33333
0.00005,	 -0.99990,	 0.33333
-0.00033,	 -0.99996,	 0.33333
1.88755,	 0.25994,	 0.01172
-0.01178,	 -1.01012,	 0.32743
-0.00018,	 -1.00009,	 0.33333
0.00000,	 -0.99995,	 0.33333
0.08303,	 -1.01355,	 0.18152
0.00096,	 -0.99951,	 0.33331
-0.00085,	 -1.00098,	 0.33329
0.00014,	 -0.99944,	 0.33332
1.76206,	 0.17496,	 0.01188
-0.00004,	 -1.00003,	 0.33333
0.00054,	 -0.99945,	 0.33332
-0.00036,	 -0.99969,	 0.33332
0.00174,	 -0.99607,	 0.33268
-0.00002,	 -1.00000,	 0.33333
0.00040,	 -1.00010,	 0.33333
0.00000,	 -1.00006,	 0.33333
