x1, 		 x2, 		 maxFit

-0.00000,	 -1.00000,	 0.33333
-0.00000,	 -1.00000,	 0.33333
0.00000,	 -1.00000,	 0.33333
-0.00000,	 -1.00000,	 0.33333
-0.00000,	 -1.00000,	 0.33333
0.00000,	 -1.00000,	 0.33333
-0.00000,	 -1.00000,	 0.33333
-0.00000,	 -1.00000,	 0.33333
-0.00000,	 -1.00000,	 0.33333
-0.00000,	 -1.00000,	 0.33333
0.00000,	 -1.00000,	 0.33333
-0.00000,	 -1.00000,	 0.33333
-0.00000,	 -1.00000,	 0.33333
-0.00000,	 -1.00000,	 0.33333
0.00000,	 -1.00000,	 0.33333
-0.00000,	 -1.00000,	 0.33333
-0.00000,	 -1.00000,	 0.33333
0.00000,	 -1.00000,	 0.33333
0.00000,	 -1.00000,	 0.33333
0.00000,	 -1.00000,	 0.33333
