x1, 		 x2, 		 maxFit

0.00520,	 -0.99584,	 0.33227
-0.00038,	 -1.00008,	 0.33333
0.00874,	 -0.99582,	 0.33126
-0.00846,	 -1.01827,	 0.31923
0.00115,	 -0.99792,	 0.33315
-0.00033,	 -0.99985,	 0.33333
0.00260,	 -0.99890,	 0.33315
0.00000,	 -1.00108,	 0.33328
-0.00026,	 -0.99566,	 0.33241
-0.00224,	 -0.99487,	 0.33168
0.00138,	 -0.99821,	 0.33319
-0.00356,	 -0.98958,	 0.32711
0.00165,	 -0.99590,	 0.33262
-0.00063,	 -1.00023,	 0.33332
-0.00014,	 -0.99788,	 0.33311
0.00595,	 -0.99870,	 0.33245
-0.00367,	 -1.00102,	 0.33300
-0.00169,	 -0.99497,	 0.33186
-0.00078,	 -1.00715,	 0.33099
0.00125,	 -0.99767,	 0.33310
