x1, 		 x2, 		 maxFit

-0.00188,	 -0.99987,	 0.33323
0.01603,	 -0.98422,	 0.32093
-0.00170,	 -0.99381,	 0.33119
-0.00814,	 -1.00300,	 0.33163
-0.01508,	 -1.00407,	 0.32769
-0.00635,	 -0.99438,	 0.32992
0.00873,	 -1.00652,	 0.32777
-0.00513,	 -0.99456,	 0.33057
-0.00336,	 -0.99565,	 0.33178
-0.00412,	 -0.99989,	 0.33285
0.00610,	 -0.98637,	 0.32561
0.00025,	 -1.00199,	 0.33313
0.01867,	 -0.99574,	 0.32483
0.00473,	 -1.00183,	 0.33233
-0.01535,	 -0.98986,	 0.31918
0.00881,	 -0.99402,	 0.33075
0.00281,	 -0.98572,	 0.32461
-0.01020,	 -1.01115,	 0.32721
-0.01065,	 -1.01109,	 0.32712
0.01701,	 -1.00726,	 0.31988
